hs1	1001	1200	0.1707
hs1	1201	1400	0.1304
hs1	1401	1600	0.0133
hs1	1601	1800	0.04
hs1	1801	2000	0.0789
hs1	2001	2200	0.1316
hs1	2401	2600	0.1316
hs1	2801	3000	0.0256
hs1	3601	3800	0.05
hs1	3801	4000	0.0149
hs1	4201	4400	0.0649
hs1	4801	5000	0.0617
hs1	6001	6200	0.04
hs1	10801	11000	0.0588
hs1	12601	12800	0.0127
hs1	13001	13200	0.1143
hs1	13201	13400	0.1467
hs1	13401	13600	0.0233
hs1	13801	14000	0.1692
hs1	14001	14200	0.1429
hs1	14401	14600	0.1831
hs1	14801	15000	0.1429
hs1	15001	15200	0.2368
hs1	15201	15400	0.0959
hs1	15401	15600	0.0411
hs1	15601	15800	0.1944
hs1	15801	16000	0.0541
hs1	16001	16200	0.0725
hs1	17201	17400	0.2581
hs1	19001	19200	0.0337
hs1	19201	19400	0.1628
hs1	19401	19600	0.2308
hs1	19801	20000	0.0133
hs1	20001	20200	0.2381
hs1	20201	20400	0.1429
hs1	20801	21000	0.0263
hs1	21001	21200	0.0278
hs1	21201	21400	0.0313
hs1	22201	22400	0.0606
hs1	23001	23200	0.0175
hs1	23801	24000	0.069
hs1	24001	24200	0.1071
hs1	24601	24800	0.082
hs1	25001	25200	0.0323
hs1	25401	25600	0.0256
hs1	25801	26000	0.0833
hs1	26201	26400	0.0353
hs1	26401	26600	0.0145
hs1	26801	27000	0.0196
hs1	27001	27200	0.1233
hs1	28401	28600	0.0294
hs1	30601	30800	0.1111
hs1	31601	31800	0.0877
hs1	33201	33400	0.1071
hs1	34601	34800	0.1429
hs1	35201	35400	0.0353
hs1	36801	37000	0.0909
hs1	37401	37600	0.037
hs1	37801	38000	0.0278
hs1	39801	40000	0.0244
hs1	41001	41200	0.3
hs1	41401	41600	0.0123
hs1	41601	41800	0.1957
hs1	42201	42400	0.0169
hs1	42401	42600	0.1852
hs1	42601	42800	0.0204
hs1	43401	43600	0.1714
hs1	44401	44600	0.129
hs1	44801	45000	0.069
hs1	45201	45400	0.1852
hs1	45601	45800	0.0833
hs1	46001	46200	0.2113
hs1	46801	47000	0.0159
hs1	47201	47400	0.0789
hs1	47401	47600	0.1927
hs1	48201	48400	0.0833
hs1	49401	49600	0.2381
hs1	49601	49800	0.0462
hs1	51401	51600	0.0606
hs1	52801	53000	0.0667
hs1	54201	54400	0.125
hs1	54801	55000	0.0154
hs1	55601	55800	0.0526
hs1	56801	57000	0.2069
hs1	57201	57400	0.0345
hs1	57601	57800	0.098
hs1	57801	58000	0.0476
hs1	62601	62800	0.0204
hs1	62801	63000	0.2
hs1	64601	64800	0.3103
hs1	65401	65600	0.0976
hs1	67601	67800	0.0286
hs1	68001	68200	0.0423
hs1	69801	70000	0.039
hs1	70201	70400	0.1321
hs1	72401	72600	0.0357
hs1	74001	74200	0.1379
hs1	75001	75200	0.1398
hs1	75601	75800	0.1385
hs1	76801	77000	0.0213
hs1	77001	77200	0.05
hs1	78201	78400	0.1186
hs1	78401	78600	0.0545
hs1	78601	78800	0.0159
hs1	78801	79000	0.0417
hs1	79201	79400	0.0877
hs1	80201	80400	0.1538
hs1	82001	82200	0.0115
hs1	82801	83000	0.0909
hs1	83401	83600	0.0633
hs1	83801	84000	0.0455
hs1	84601	84800	0.0541
hs1	84801	85000	0.0847
hs1	85201	85400	0.0323
hs1	85801	86000	0.1186
hs1	91601	91800	0.0204
hs1	94601	94800	0.1948
hs1	95201	95400	0.0115
hs1	96601	96800	0.0667
hs1	96801	97000	0.0714
hs1	97201	97400	0.1765
hs1	98401	98600	0.1333
hs1	100201	100400	0.0141
hs1	101401	101600	0.1014
hs1	106201	106400	0.1753
hs1	107201	107400	0.0811
hs1	108601	108800	0.0196
hs1	109401	109600	0.1059
hs1	110001	110200	0.04
hs1	111001	111200	0.0423
hs1	111801	112000	0.16
hs1	112601	112800	0.1951
hs1	113801	114000	0.1389
hs1	114601	114800	0.0204
hs1	115401	115600	0.1333
hs1	116201	116400	0.0333
hs1	116601	116800	0.0357
hs1	116801	117000	0.2
hs1	117001	117200	0.0278
hs1	117201	117400	0.0204
hs1	117801	118000	0.1304
hs1	121601	121800	0.1429
hs1	123201	123400	0.0133
hs1	124001	124200	0.0141
hs1	126201	126400	0.1594
hs1	126801	127000	0.2308
hs1	127001	127200	0.0256
hs1	127601	127800	0.0909
hs1	132201	132400	0.1158
hs1	132401	132600	0.2143
hs1	132601	132800	0.0882
hs1	132801	133000	0.0698
hs1	135201	135400	0.1316
hs1	135401	135600	0.0889
hs1	135801	136000	0.2468
hs1	136201	136400	0.0588
hs1	138201	138400	0.0606
hs1	139801	140000	0.0303
hs1	140001	140200	0.0843
hs1	142601	142800	0.1379
hs1	143601	143800	0.0204
hs1	144001	144200	0.1707
hs1	144801	145000	0.0263
hs1	145801	146000	0.0909
hs1	146601	146800	0.0638
hs1	146801	147000	0.2083
hs1	147001	147200	0.0588
hs1	147201	147400	0.0612
hs1	147801	148000	0.0667
hs1	148401	148600	0.1667
hs1	149401	149600	0.0492
hs1	149601	149800	0.0833
hs1	149801	150000	0.1579
hs1	150001	150200	0.0357
hs1	150601	150800	0.0345
hs1	152401	152600	0.1154
hs1	152601	152800	0.0213
hs1	153401	153600	0.1549
hs1	154201	154400	0.0204
hs1	155201	155400	0.1
hs1	155601	155800	0.0714
hs1	157401	157600	0.0732
hs1	158401	158600	0.1268
hs1	159801	160000	0.0127
hs1	160001	160200	0.0118
hs1	160201	160400	0.1467
hs1	161001	161200	0.122
hs1	161601	161800	0.0933
hs1	162801	163000	0.0638
hs1	164601	164800	0.0787
hs1	164801	165000	0.0488
hs1	166601	166800	0.0968
hs1	167401	167600	0.0294
hs1	167801	168000	0.025
hs1	169601	169800	0.082
hs1	171201	171400	0.098
hs1	171801	172000	0.0508
hs1	173401	173600	0.0741
hs1	174401	174600	0.0435
hs1	174801	175000	0.0112
hs1	175401	175600	0.0154
hs1	176001	176200	0.0159
hs1	176201	176400	0.1461
hs1	177601	177800	0.0213
hs1	179001	179200	0.0103
hs1	179201	179400	0.0769
hs1	181001	181200	0.0159
hs1	181401	181600	0.0417
hs1	182201	182400	0.1379
hs1	183201	183400	0.0864
hs1	184601	184800	0.1228
hs1	186001	186200	0.2564
hs1	186201	186400	0.069
hs1	186601	186800	0.1724
hs1	186801	187000	0.0196
hs1	187401	187600	0.0526
hs1	187601	187800	0.0549
